       401         1         8   PROGRAM
       501         1        12      Prog
        59         1        12         ;
       402         2        18     CONST
       502         2        20        a2
        61         2        20         =
       601         2        25      5#-3
        59         2        25         ;
       503         3        27         b
        61         3        27         =
       602         3        30        10
        59         3        30         ;
       504         4        34       c52
        61         4        34         =
       603         4        38       7#3
        59         4        38         ;
       505         5        40         d
        61         5        40         =
       604         5        46     -8#+4
        59         5        46         ;
       403         7        52     BEGIN
       404         7        55       END
        46         7        55         .
