       401         1         7   PROGRAM
       501         1        12      Prog
        59         1        13         ;
       402         2         5     CONST
       502         2         8        a1
        61         2         9         =
       601         2        13      5#-3
        59         2        14         ;
       503         3         1         b
        61         3         2         =
       602         3         4        10
        59         3         5         ;
       504         4         3       c52
        61         4         4         =
       603         4         7       7#3
        59         4         8         ;
       505         5         1         d
        61         5         2         =
       604         5         7     -8#+4
        59         5         8         ;
       403         6         5     LABEL
       605         6         7         1
        44         6         8         ,
       606         6         9         3
        44         6        10         ,
       607         6        11         4
        59         6        12         ;
       404         8         5     BEGIN
       405         8         3       END
        46         8         4         .
