       401         1         8   PROGRAM
       501         1        12      Prog
        59         1        12         ;
       402         2        18     CONST
       502         2        20        a1
        61         2        20         =
       601         2        25      5#-2
        59         2        25         ;
       402         3        31     CONST
       503         3        32         b
        61         3        32         =
       602         3        35        10
        59         3        35         ;
       402         4        41     CONST
       504         4        44       c52
        61         4        44         =
       603         4        48       7#3
        59         4        48         ;
       402         5        54     CONST
       505         5        55         d
        61         5        55         =
       604         5        60      8#+4
        59         5        60         ;
       403         7        66     BEGIN
       404         7        69       END
        46         7        69         .
